through disk:
avg-cpu:  %user   %nice %system %iowait  %steal   %idle
           0.50    0.00    0.18    1.76    0.00   97.56

Device:         rrqm/s   wrqm/s     r/s     w/s    rkB/s    wkB/s avgrq-sz avgqu-sz   await r_await w_await  svctm  %util
sda               0.00     0.00    0.00    1.00     0.00    16.00    32.00     0.00    0.00    0.00    0.00   0.00   0.00
sdb               0.00   348.50    3.00  419.50    12.00 94291.25   446.41    10.75   25.34   17.67   25.40   2.35  99.35
dm-0              0.00     0.00    0.00    1.00     0.00    16.00    32.00     0.00    0.00    0.00    0.00   0.00   0.00
dm-1              0.00     0.00    0.00    0.00     0.00     0.00     0.00     0.00    0.00    0.00    0.00   0.00   0.00
nvme1n1           0.00     0.00    0.00    0.00     0.00     0.00     0.00     0.00    0.00    0.00    0.00   0.00   0.00
nvme0n1           0.00     0.00    0.00    0.00     0.00     0.00     0.00     0.00    0.00    0.00    0.00   0.00   0.00
nvme2n1           0.00     0.00    0.00    0.00     0.00     0.00     0.00     0.00    0.00    0.00    0.00   0.00   0.00
dm-2              0.00     0.00    0.00    0.00     0.00     0.00     0.00     0.00    0.00    0.00    0.00   0.00   0.00
dm-6              0.00     0.00    0.00    0.50     0.00     4.00    16.00     0.01   28.00    0.00   28.00  28.00   1.40
dm-3              0.00     0.00    3.00    0.00    12.00     0.00     8.00     0.05   17.67   17.67    0.00  17.67   5.30
dm-4              0.00     0.00    0.00  767.50     0.00 94287.25   245.70    19.21   24.92    0.00   24.92   1.29  98.70
dm-5              0.00     0.00    0.00  767.50     0.00 94287.25   245.70    19.21   24.92    0.00   24.92   1.29  98.70
dm-8              0.00     0.00    0.00    0.00     0.00     0.00     0.00     0.00    0.00    0.00    0.00   0.00   0.00
dm-9              0.00     0.00    0.00  768.50     0.00 94287.25   245.38    19.96   25.88    0.00   25.88   1.29  99.40



through gluster:
iavg-cpu:  %user   %nice %system %iowait  %steal   %idle
           0.07    0.00    0.10    3.39    0.00   96.44

Device:         rrqm/s   wrqm/s     r/s     w/s    rkB/s    wkB/s avgrq-sz avgqu-sz   await r_await w_await  svctm  %util
sda               0.00     0.50    0.00    2.50     0.00    23.25    18.60     0.00    0.00    0.00    0.00   0.00   0.00
sdb               0.00    23.00    0.00   73.00     0.00  8952.25   245.27     1.07   14.68    0.00   14.68  13.14  95.90
dm-0              0.00     0.00    0.00    3.00     0.00    23.25    15.50     0.00    0.00    0.00    0.00   0.00   0.00
dm-1              0.00     0.00    0.00    0.00     0.00     0.00     0.00     0.00    0.00    0.00    0.00   0.00   0.00
nvme1n1           0.00     0.00    0.00    0.00     0.00     0.00     0.00     0.00    0.00    0.00    0.00   0.00   0.00
nvme0n1           0.00     0.00    0.00    0.00     0.00     0.00     0.00     0.00    0.00    0.00    0.00   0.00   0.00
nvme2n1           0.00     0.00    0.00    0.00     0.00     0.00     0.00     0.00    0.00    0.00    0.00   0.00   0.00
dm-2              0.00     0.00    0.00    0.00     0.00     0.00     0.00     0.00    0.00    0.00    0.00   0.00   0.00
dm-6              0.00     0.00    0.00    3.50     0.00    56.25    32.14     0.11   32.00    0.00   32.00  32.00  11.20
dm-3              0.00     0.00    0.00    0.00     0.00     0.00     0.00     0.00    0.00    0.00    0.00   0.00   0.00
dm-4              0.00     0.00    0.00   92.50     0.00  8896.00   192.35     1.28   13.88    0.00   13.88  10.37  95.90
dm-5              0.00     0.00    0.00   92.50     0.00  8896.00   192.35     1.28   13.88    0.00   13.88  10.37  95.95
dm-8              0.00     0.00    0.00   92.50     0.00  8896.00   192.35     1.28   13.89    0.00   13.89  10.37  95.95
dm-9              0.00     0.00    0.00    0.00     0.00     0.00     0.00     0.00    0.00    0.00    0.00   0.00   0.00




